10
70 93
010101001111101110011001101110011011000001000001011000011010100010011010011010001011101000101
010110101011101111111110001010101001110101001011110100010110010001011011001001110011111111001
001011111000011110001011111000011010010001011110001001001011111000100100110011100011000011011
011110111011101011110011000010110101001111101011000110011111110110110110001010001011110110100
101001111101101000010010111000001011101001100101111011111110001100001110101001100100001111001
100001101011110110001111101001000111100001100011000110111001010110001000000110101001100001011
100111110001111001010010111101100100101000100111100110000101111011110111000010101001100100100
010110100110110010001110111011101010101101001000001101001110100110001001110100000100011100001
101010111101111111100001110101101010111111010100010010110011100111011100011100110000100001000
001001000011010100110011010011000011100001001110110101011111100110110110100111101011001100100
111001101100100101000011000101100101000010111011110111110001101000110000111011011010000111010
010001101011001010101000100001001111110100101001101010100011000101101011110111010001000100001
001100000001111000100111110000111101010011011111110100001011110111110000101001001100101010011
100000111011100101111110110101110001100100000101111010100001001110010100111011111000101000101
101110011111000010110101110001100111001100111001000011101000010000001101000001011011110001000
111000100101011111101001100011110001011110000000011001110000110000000100001111001100000100100
011010011001101101000101110010100010011000000011111000100100010100110000011111111111010010100
001110111000000010110111001110001101010001111001010010001011100110100111001001011101010000000
000101011010111101101101000001110000010011011010001000000011111111001010100100011011010101000
001000111011110011101110101111100001001011010110110001000100110011101111010010101010011011111
011110100000011100010110000000001110001111101110001101010100111100011101101111101111101110010
001111100000010000100110110100001110011110111001111111101110001011110100000000110111100110110
000001000000101101001000011011100100110001100101000010000010001000100111011100011000111000101
010101110111101111001101110110101100000111110000111111111111000110111001000001101001010010000
110100111111110101111001110101010011111001010100111100000100110100010110101000010011100011110
011010010111101011100101001000100010010110000000001101110010101010001111001110011110110010111
110010010011000010111000010110000011101000100111100001111010011101101101001011000101101100110
010011110110100110111101010110100010101100001010011110001010111010111110100010110110010100000
011001011010101011110000101011011000001011010110110011010111110100101110110011111011100100100
001100011011001001000101000000101001011001000010111010001010101110000000010100000010110101110
111000011000111001011010100101000001001011111000010101011110010101110011001011001011011110000
011010001000000010101101111001111011001000111011111100100000000000111100111011010011011100000
011111111101101010100001111100011110010100000011100110111101111101000011001011101001110001000
010100000001000101100101010111001100110000001101101111111101101000000100011000010110100000001
001100011100101111000101010110100100000100111110000100110000101111100011110010111110010011101
001000100011101001001110000100111111100111100111000101000000111011011000001111001110100101011
100001011011011100110000101110011100100010001011001100011111000010101111011101001110100101010
101010010111011011011010111100010000100010100110100111011110011100001110111011110110101101111
010001111100110101001001010111100001011101000010001101101101100010110010011101011110111100101
100000110001110110011110010100101010011111101111000010111100001001011011001100111010011010110
011001000101110000000011100010100011000111000111110010110100001111001111000100101100000111101
110001011100001010101101001100011101111011111100100001101110100100100011011001001111000000001
110011001101111010010001010000000000010100000100010010010001111000100100011001101110010101101
011101100111000010110000001000011110111000100010100111000111010010111010110000110110101010100
000110100111000110110010010110101010100101111001001010001110011001010111010011000110100001101
111001011000110000100110101110001011000111001011100111010010011000001001101011011110101101011
111010000101110000111100100010010000000101100011000010010000001111101010110011010110101010101
110111001000110111011100110100110010100111111011000011101001101101000111111001011101100000011
010000010000011110111001010100111101011110100100011100010111111101110101110100000001111011000
101010101100111010001011010101010100001110111011101110011001010001000010100101000001111110011
100111000110111100001100111001100001110001101101001100100001101011111000001110000101000101100
000001010010011001110100011011110001000100010110110010110000001100111010111110010111011110101
000001001100010100010001111010111001010110101101001000000010110001011111001001100111010010010
100011001111001010011101001010010110101111101000110110101110100111100110100111111111011100001
011011110101111111000010010111001011010001001100110011000110101111011101110010000010000100111
100111000001011010001100010010111011000100000000110001101011110111001110010011111100011101110
010111111000110101000111010110011111011011101001000000010111100110101111111010011100010101000
100100000011001011010101110101110110010100001000100001000111110111000100001101000111001111010
101011000111101010110110010100001000000001110100001111101001000001110100100000001000101111100
011100011111111001011110100001110001111110010000110101000010000111110010101110011110011100011
001111101111110001111100001100011011101000001100100001101100010101100011101100111001001001111
101100010101001001010011010001100111000101001010001111111010011011001010001011101011011101001
111100110001100000010010010001001011111111010101000100011100110000010110100101110111001011011
101011110111000001001001111101000001101010001010000101101111100111101111010001001100101011000
101000010101101110100011101010111110100110101110110011010100011001001000110001101010100100100
111110000000111100110000100001111101111010101100110101011100111010110101000011110111000000110
100101000011010010000001111000011110101000111010101100011000110100100000100000110111111110011
000001110100010010101100100101110000111110000111000101000011011111111101010101010101111101101
000111100110111100001001101100111100100010111010110010011111001101000111101110010101101111000
101110000001101010000000110001001101000010111000111000111010110111110101001001110111111110110
2
M 48 91 1
Q
10 59
01000101001100001101110011011000001001100101111000110110010
10001011010001011111001011111101011110100101110110111000000
11000000010100010101100111100001011001110100010010001101100
10100111101111000101010110000010100101101111101110000001100
11011111111011000000011110101111001110110001000010101011000
01110010101100101010001000011010010001110110001000101011101
11110101101101110110010101101000010010011111101110010001000
10011000011101100110000010010100010100000110011100101111111
00100110101100001111001101110011100001101011100100001001101
00011100010010010011000110010110110111011000100010000000110
8
M 7 14 0
M 4 6 0
Q
M 7 22 1
Q
M 4 57 1
M 7 33 0
Q
12 86
00001000110010101101101111100001010000000101100111110110110011000010111000000100110110
11100100001111100010011101100110111000000000011100100001100000001010001111001011110001
01010100011100000100001010001001011101011100010010110000101010000111100001101100000011
10001111111101110011000010010110010001001000000001011111001000011100101011000001011001
11101000001010001110011110000100011000011000100101001001011110000101010011111110011011
10111000111000110101101111000001101010111110111011010001010000010000110001101010100000
11010001010001000111010001001111101111011101000110111001111111001110110010001000110101
00001000100010011000011000011000111010101010100001000011101011101111010101011100010111
10000100000011011000001000000010111111000011001110111100011111011110111001001111001011
11110001111000001001001100110110001110100010100001000110100001110111110010110111000011
11110111101011101111010111100111111111110110010011101001100010011011011011001100101111
11011000010011001110110000100001101110110011110110010110010011011010101111111111000000
6
Q
Q
M 9 22 0
Q
Q
Q
100 100
0010101010111110000010001011011101001011111011011101010001111111000011001110001100100011010100111001
1000011101000010110001010010000010010001100011111111101101011011011110011011110000010010001001010010
1001100011101001001001111010101111111001101110111000101111110011001001001001110001001011110010000111
1101010111010100010001101110100100010111001101001010111101100101011001010110110101001010111011011100
1111110110010000110011100101011101001110000100100111100111110111100011110111001101100100101000010000
0010000110001100111001111110000110011111111010111001011111001001110010011011010000000000111100011101
0100101011000101100111100100111000010100110101100110110110010010010110000001001000001100010111101010
1110001111011110101000110101011010001010110110001011101101111001101111011111100111010011101011000010
0010101110010001011101101110001010011000110011001011100110101011100011110010101100101011110001100000
1000101101110001100001111110111100000000110000101010110110110110101111101101000010110000100000001000
1101111001100110101111100001101100000011011011110000001111010101010010101110100001100000001100001111
1101111100111001000011011101001111111100101111110100010000011110101100011101111010001010111011110111
0100101100110000011011110111010111100100000101011101000110101000010000111100010000111011110000001010
1101101000011010111011010001110010001000011100000111101000010011100101111010111011011000110101110100
1001111100100011000111101001010010111100000110001101011010101011111011100010000000110111110101111000
1110000011001010010011101110001101110011100100000101000000000001000010000001010101101101100111001101
0101011100010100111100000100111110011100010110100101011001111100100101010011110011100011001001010011
0000000010110011110000110011010110100010110101101010001101010110101001100101111110101110000111010001
0011110110001011000110110010110000011111000011110010011101011001001000001000000100011001101111010100
0000111010000011101111011111000101001110011001010010111001000110000011101001011101111010111010101101
1010100000110110101000011101110000101010110101011110100111111010001110000001110100000100011011110101
0000011000010001100101100101100111101101111101000111010111000111111010010100111001011110001001001110
1011000000011001000011111100011101001110101010111100100110110110001011101001111111010000100011100100
0000101110110101001110001110000111101101001100111011010011110001111101110111100110100111101111000100
1100000001000000100110101110111000100100100000000011010111101110110011101000010000110101101111110001
1101000001101011001001101110100001001000000010001110110010111100100111000000101001100010100110111011
0111010000111010110001011001000110100001000110010100010011110010000111010110010111010100100101010111
1110111011001000011111101000110010111101000010010011010110000101111111000001101001110010111101101111
0111000100010001011010110110010111011100001001111111011101010000010000011000001001001000111100010011
1010000100110000000100100000110110000111010110001000001100000100111011101001100100010010001000101001
0001100110001110110001110010101101100011101111011000011010001010001101011011011001011001110101110100
0110001001111001010001011000101001100111110001011101101100111110010100010100111011000101000110101000
1000000100010000000101100010110101000000000111011100011100100000001110001101011101110001000110000111
0010010111001101011101100110110011001111101100111010001010111010000010111101101100001111010010001101
1000010000010000011010111110010001011011111001011001110011100111110111100010100100000100101101011110
1011110010001101010111101111000010101010101111101101100111001101100011010100100001000111000011010000
0001010111110100110100000010100010010010100000110011100110000111011010111100000010110011011110110000
1001110101101100111010001101010011011000001011111001110001010110110101010100111100001000110001101111
1100110010100000111111011101010110111111001010100101111110110010011011101100110010010101001011100010
1111010010101110101011111010110100010100010010011011000110101100111010011101000110101101000010110111
0010011000000010111010110011110100000111000101001011000110010110011011001010011111100011000010100100
0110000000000110100011011000110100010101010011110100001110101000000010110001101001010011100110011001
1010001000010111001001100001110111101100011011001110110111000000011010100100011110001011000110010000
0101101011101011101110101000010110100111011010011111010100010111100110101101010010110010110011000100
1011101010011011110111101100111010110100111001011000011110001111101010001011011101011101110100100111
0101011110100110101101100110100001101110001101101100101101000001001100111001101001010110101111010011
1011100110110011000011101100110101100011111000111011001010110011011011001111011011101111010010001101
1010010101011001010011010010001111000000000001111000000110001110001100010111111000110010111011101100
0011011100010101000100011010011010110101010101100000000010110001001110001111110011000101101010100110
1101101110110000110100100101110111110000101100000101001100111111100011011010111011011000100000101011
1111001001110111101110011000000010100101101010111111011100000110111011000110001000100100101001001011
0100011100000010111100001111100111010101010010011010011010100001110010001101100100010111010011011101
1001110110100100110111011111011001001100111110110110110101111000001001110110001111110011010111000011
0000001111011010001100100011010001110001110010001101010100001111101011101010101000000110101000001100
1010110001100010110001110011100110001010011111000111110001000000101111100000001001101001010100101111
0001111101000010101010100000110001100001010011110110100001111100101010010101111111101010100100101111
1000110111101110010011000111111110101011010111011101000011100011111101000100100100001110001011111000
0010110100101100101011010011101110110111001000011101001111101011100011110110000100110111000010110001
1000100011111111100111011010011010110011011110100001001010001011101110100001110101000101011011101001
1110111110100110110110110101001011000010101000010100001011000001110001100011100111100110000100000111
1101011110110000111010100110000100111011110111010100001011100101010001100000000100001010111011101000
1000101111100101101101000111100100000100000001000000101100101100001101000000001001000101000000010110
1110011000001010000010011110100100110010101111101010010011001111011001010010111111101010011111010011
0011110101001010111000011010010101011100110000111000000011101101111100100110000011001111000001010111
0011000010110000100001000001011100011001011010110011000111001001011100100110111011110110111000010001
0010110100100101010010001111001011110001100010000010100000000011111001100110001111101010001001000000
0001001101100110000010101011001110001000110001010000011001111100110111110001011111101111011000110000
1000110111001011011101001111000101010101111101010001100101111010100011011110011101100011010011110101
1011000100101111010011111011011000001010111001011010111011000110101101000111000101010000001001101100
0001011100101000010100111111101000110000100101111000101101000001010101100001101101000111001011001110
0011000000010010010000110110011101111000001011111000101010101001001001010001001110010110001110100111
0111000010011000010000000011101001101011110001010001010011010100111101111100011011011010010110011101
1110100000000111010011010011001001110000111111110000110111101101111100010111011110000011011110100110
0000101010001011111001100100101001001110001010011011111111000101110010100110101100001101010101101101
0001001100111011000011100110001110011010111011001111010100010011100010001011100011001000110110111000
1111111101111100111000001000100011011111011010000110011101010010000010011111000011101101111001010101
1010011110110100110010000000110001011000011100001001101100101001011110001000100101011011010011000100
1011000000100010010101100111110110111111010110111000100011011100011111110001001010011100100111111010
0100010000110110111011011110111111111000010101010110100001111001001010000000001101100110100111100000
0101010111001010001011000101111010001011000010010101100011111111111101100110100000011011011010110101
1100100101011011111011100101001101000101010000101100101110101000000101000111101000111110010101111000
0111000010001100000101001001111001111011110001001101111001001000100110111101110011110001011010100101
0000010101111110101011001000001110011000000110010000111111110111010001101110110010111011011011001101
1101101101100000110110000110100101101100110011101010101001001100010010101011100111010000111100110101
0111111101111111110111101010001011011011011101111101011101111101111011010011010001010010110100100001
0011011010110010001000111101101011011110010010100101000010001111110010111101001100011111011111110000
0000010100001101001001000001011110001011100111001010100001100110100100100000010010010110010010111001
0001000101111111100101010101011010101010101111100000100001010000111110110111110110001101010111010110
0100100110111111111100101100111110100110000000101010110011111110101001110001111101111001011111000011
1110111011001011101001110001000010000010000000011001101000010100011010101001111010010001001100100011
1011101010011110111001101111011101101000111000100000000010010011011011001110010101101110100000101111
0110100011010000101100100100111011011101100011011001011011000001001011110000010101010110100100110110
1100000010010011001100111111011110010110000110011000100111001101110000111010100011111111100111110111
0110011100010110101100101010000100011010011011010001100111110011010011101111100001000011111001111001
0101010011011110110110100111001011001111000110100010111111110011000011100011111001010100101010100000
0100001001101110000010000001111000111110110010011100101010000011000000010100010010110001100010001100
0101111011100010100111100011100000101101101101101011010001010001111110101011010000010000010110010011
0000100000111100010111110110100011111100001000010111001100001111101111100100000101110110101100111001
0000001001001001100100011100010000111101010111010001110011111000001010001101000001110100100101110000
1111101110011100101110000110110010011100001101000001001101111000111000111010001001000111110101100101
10
Q
M 18 27 1
Q
M 54 47 1
M 5 53 0
M 13 98 1
M 22 36 0
Q
M 56 11 1
Q
20 35
10001111010101000111110101110000100
10111110011010010000110001000111010
00000001001011100101010100100100110
10001101101111101101001111001000111
00001001000000001111111011101000111
01101111001101110111110011110000000
01001101010000110101010001100011000
01011001111111010101101010000011000
00101001001111001000010101011100101
11110010101110010101111110000011010
00110011011001001011000000011000000
01101100011011000011000000111110110
01111100001110010101100001100011001
00001100111101101010001110111001010
00100101101100101101111001100110011
10011111100000100111011000011110101
10011100111110011100000001000100101
11011101111101100001000111010011011
11010111000110011011111010110100101
00011100110001011011011001101001011
10
M 6 14 0
M 0 13 0
Q
Q
M 14 23 1
Q
Q
Q
Q
M 14 20 0
65 18
011011101110000100
010100111100111111
110010100000100101
011010001101111101
101001110011001100
011001101101000011
010100001000010011
010100111111011001
110011100110111110
011011011110010110
111001101001101111
110000101111011000
011101000001111000
101101101101101100
000111110111011111
101001001001000000
110011011110110010
101101100001101110
110110011111100110
111011110101001010
100000100100001001
000001101011100000
010101011010111011
110100100100010111
110001110000001110
010111101001011001
001111100100011101
001011000101101111
110111101111100010
111111010000110010
111110001110000101
101001101001100010
110010111111110000
000011100010101101
001111111100011010
111100001000011110
000000101111100101
011001001010111111
010000000001011111
010110011011001000
011100111011011110
101111011000010011
000010000010110111
001001011100011111
000111101011001100
111100111111000000
010000101000000011
111001010101010001
101100010100111000
110011111101100101
111001011000110010
010111000011010111
111000110000001101
100000000101111001
111100010111111001
001001001001011111
011100110000001011
001100101110110010
110110001101110010
111000100101000100
001000000000101100
011010000101000011
011100111111011101
010100111111000001
001111100101000011
8
M 28 8 0
Q
Q
Q
M 50 13 0
M 29 13 0
M 7 3 0
Q
35 65
11001001111110011110000111001011100110100001111110101001101111010
11110111111000011000100110101000001011001100101010010111001110111
10101110100111000010100001101101011011110000111100111000001000010
01101001100111111001011111110110011000101101100101111101111001111
00001111111001101111111001000010011001111100110001010111001110110
10110110110101101101011111001000000000010111011010111111111010101
00010011001110011001010111111010101100001001111101011110111011011
01011101010011110101111010001001101101010110011100111000011111110
11110010011010101110000010000011011101110010111011100101010110110
01000011000001110010011001111010110110100001000100010001100100110
01111001010101010000110100111111101101110110001001111100100001101
00101101100010011011101010101010011010010000111111100111100110110
10000011011111110011111010100110000001001001110110111100001000101
11101010011001001001001110100000110100010000011011110100001001101
00110101001101111000101000110011010111010010101110011111011111000
10001101001111111001000011101011000111100101000011101001000111110
00010101010001001110010110110101101101100001001001000100010110111
00010101111010111001111011010111010111101111000111100010010111001
11011110101010011000011011110000010111110000101111010010011010100
00001000011100001101111101111001011010101010001100101110010111100
11001000010100001001000110100011011100111000001110110111010010010
01111101110001010011011100111110010011010001110010110110101100011
10100011111001000101111011100101010000111000001100000100000110110
00010001111010111100011011001000011000000111110111100111100111001
01011000000100110111100111100000101010100001111111110111110010011
10110101000001011001001100111010100110011101110100001010111001110
10101101000001011010011010011001101101010111101110101101011111000
10111110100111101100000111011101100011111011000010111011100100101
11111010101101100011101011001001011000101000000100001000001000100
01011011101111001110101101110011010100110100010001100001001000010
11101010011110110111111100011001000101001001101010100000111100110
00011110110100110011100101001111001011111111011101110010101110100
10001101100100100100110000011000111011010101101001001100111100000
00100101010110011100010010000100100011001010100111001110101111010
11000101111100101010100100101000011110101010100100000000100101010
4
M 16 27 0
Q
M 24 51 0
M 2 23 1
11 28
0011111101100111011001111101
1000101111100010011010111101
0100001000000110011000111111
0011100001101111111001010110
1110110111001110110100110001
1110101001001010011001110011
1101100001111000011111111111
0001011111001001000100100100
0111001010010101000011000101
1110011101001000001010100001
0101001101010100011101010001
9
M 6 21 0
Q
M 6 3 0
Q
M 1 6 0
M 7 22 0
Q
M 2 27 0
Q
31 96
011100111011100101111001010110000110000011100001011110101111010110110101110011100110100000111001
101001011101000111110001011000000110110111011011011111101110111010010101011000011111010000100000
110010000111000111101011000111011011110010100100011111100000101101001011100111010000101000000011
010001100011000101001000010000000011011001100001100110000011110101100011010010111111011100110101
010000101001000010101000100010110010011010100001110101101001100100111111111000110011111110010110
000010111100100111101000100101000010100011110011010100011111101010100011111111100001011011001111
100010011111010110000011110110111100001001100000111110111010010110001000001101000000100100010010
100111100001011100000101001011101101100101110001110100111010011010000001010101101100011001011010
011100010100110111101100100111101110100001000110010011110100100100011010100010101010100000011100
110111010000011001100100010001000000110110000011101000011100101101010100011111110111101110111001
000111001001011100101101100111001101110000010100001010110000111100001110101000111111110111100101
110110110111011000100001100011011001000100111010101011010110111110000101100111011110101011011100
011110010010101001101001001100010001110100010101011001000101010011111011111011101111010111000100
100011011101101011001001001000101001001000101101111010001110010001000101001100011101100111001101
110111100111110101110110100011100100100010111000000110110100110111011011111110001101111001111011
110100100100001111111001001000000101000110101101111101111100001100110000101101101110001011100101
101000101011010100010000011110110001100001011010101000010011101010010011000110100101010000101001
110110001100001100100011001000111011000100001001010100011011111110100111010110100000011000001011
011100110111000000110000000010001111110100101110110110001101001011110001110000110110001011100100
001011100110010111011101100110101101100110110100110100100111010000011010110111101000000110001110
010100011010010010001111100000101010001111001111000110100001110111100101110111111111001000000010
011100000101010010011100010101011100111001111000100001011101101000011110110010110001100101110111
101100001001100000001100011101100010101010000011110100101100100111001010001111110011100000000110
101001111111000101100011011111110101001000011001111010001001100001010110011000000111110010011101
100100110100001010000110101110001100100001100110100010011000011000110110111001001101010111011010
101001100101100101010110110101101101010110001010000101001000000011111000111101010011110100100000
010111001100101101110101000111100110001001000001010111010010011101011110001001001110100000101001
011011110001011100011001111010011001000100100101101111010001111111000101000110011101010001110110
101100111100010010111010010100101100011100111011011000100101000000010101000000011111010010000101
000001010000100000011001111001010110110111000011110101000011110000101010100010100000111010010111
011111010111100110011001110100111111100111011110000011100001001010111000000110000100000101011111
4
M 22 3 0
Q
Q
Q
4 4
0101
0010
0100
1111
7
Q
M 0 2 1
Q
M 2 2 0
Q
M 2 1 0
Q
