Case #1:
82
80
80
80
80
80
80
80
80
80
76
76
76
76
75
75
76
76
77
77
77
76
76
76
76
77
78
78
77
75
75
75
75
77
77
77
76
76
74
74
76
76
76
76
75
75
75
75
74
74
71
71
71
71
70
70
70
70
70
70
70
72
72
72
72
71
72
72
72
72
72
73
73
73
73
73
74
74
74
76
78
78
78
78
79
79
79
79
79
79
79
79
79
79
79
77
77
77
77
77
77
78
79
78
78
80
80
80
80
77
77
77
77
78
79
79
78
78
78
77
77
77
77
77
77
74
73
73
73
73
73
73
73
73
73
73
73
73
73
73
73
73
73
71
69
70
70
68
66
66
66
66
66
66
65
65
65
65
65
65
65
65
65
64
64
64
63
64
64
64
64
65
65
65
65
65
65
64
64
64
66
66
66
66
66
66
66
64
64
64
64
64
64
64
64
64
64
64
64
64
63
63
63
63
64
64
63
64
64
64
64
64
64
68
68
68
68
69
69
69
69
70
70
70
70
70
70
70
70
70
69
68
69
69
69
70
69
70
70
70
71
71
71
71
71
71
71
71
71
71
71
71
70
70
70
70
70
70
70
69
69
69
69
69
69
69
69
69
68
68
68
67
67
67
68
68
68
68
68
65
64
64
64
65
65
65
65
65
65
65
65
65
65
64
64
64
64
64
64
64
65
65
65
65
65
Case #2:
189
189
189
189
189
189
189
191
191
191
190
190
191
191
191
191
191
191
191
191
191
191
192
192
192
192
192
193
193
193
193
193
193
193
193
192
192
192
191
191
191
191
192
192
191
191
191
191
191
193
193
192
192
192
192
192
192
192
191
192
193
192
192
192
192
192
194
193
192
192
193
193
193
193
193
193
194
194
194
194
194
194
194
194
194
194
194
196
196
196
196
195
195
195
195
195
195
193
193
192
192
195
195
195
195
194
194
194
194
194
194
193
193
192
192
192
192
190
189
188
188
188
187
188
187
187
187
187
189
189
189
189
187
187
187
187
186
186
186
186
186
186
186
186
186
186
186
184
184
184
183
183
182
182
182
182
183
183
184
184
185
185
185
185
185
185
185
186
185
185
184
184
184
184
184
184
186
186
186
186
186
185
185
185
185
185
184
183
183
184
184
184
181
181
181
181
180
181
181
182
181
179
182
183
185
185
185
186
186
186
186
185
185
185
185
185
185
184
186
187
186
186
186
186
186
186
186
186
186
186
188
189
189
189
189
189
189
188
188
187
186
186
186
184
184
184
185
185
185
184
184
184
184
181
181
181
181
180
182
182
183
183
183
183
183
183
181
181
181
181
182
182
182
183
180
180
180
180
180
180
180
181
181
182
183
183
183
183
183
183
184
184
184
184
184
184
184
183
182
182
182
181
181
181
181
180
180
180
180
180
179
178
178
178
180
180
182
181
181
181
181
181
181
181
178
178
178
178
178
178
178
178
178
178
179
180
180
180
181
181
181
182
181
182
182
182
182
181
178
178
178
176
175
175
175
175
175
173
172
172
172
172
172
172
172
172
172
172
172
172
171
170
171
171
171
172
171
171
171
171
171
171
171
171
171
171
171
170
170
170
170
170
170
167
168
168
170
170
171
171
170
170
170
170
170
170
170
170
170
170
170
170
170
170
170
170
170
170
170
170
166
166
166
166
166
167
167
167
167
168
168
168
168
168
167
167
167
167
167
167
167
167
167
167
Case #3:
122
122
122
122
122
122
121
121
121
120
120
120
120
120
118
118
118
118
118
121
120
120
120
120
120
120
120
119
119
119
118
118
118
118
118
118
118
117
117
117
115
115
115
115
115
115
115
113
113
113
113
112
113
113
112
112
116
117
117
117
118
117
117
118
118
118
118
118
118
118
117
117
117
118
118
117
117
117
117
118
119
118
118
116
116
116
117
117
117
117
117
117
117
117
118
118
118
118
118
118
118
118
119
119
118
118
118
118
118
118
118
118
118
118
118
118
121
121
121
121
121
121
120
120
120
119
119
119
119
120
120
120
120
119
119
117
117
118
118
118
116
115
115
115
115
116
116
116
116
116
116
116
117
117
117
117
117
118
118
118
118
118
120
120
120
120
120
120
121
122
122
122
122
122
123
123
124
124
124
124
124
128
128
128
128
128
128
128
127
128
128
128
128
128
128
128
128
129
129
129
129
126
126
126
125
125
125
125
125
125
125
125
125
125
125
125
124
124
125
125
125
125
125
124
124
124
124
123
122
122
122
122
122
121
122
122
121
Case #4:
184
184
183
183
183
182
182
183
183
182
184
184
184
184
184
184
184
184
184
184
184
184
184
183
182
182
182
182
179
180
181
180
182
183
182
182
182
182
182
182
182
182
182
182
183
181
181
181
182
182
182
182
182
182
182
182
182
182
184
184
185
185
185
185
185
185
184
184
181
181
180
180
180
180
180
180
179
179
179
179
179
179
179
180
180
180
180
180
180
181
181
182
182
181
181
181
180
180
180
177
177
175
175
175
176
176
177
177
177
175
173
173
173
173
171
171
172
171
170
170
170
170
170
170
170
170
170
168
169
169
168
167
167
167
167
167
166
166
166
166
166
166
166
166
166
166
168
168
168
168
168
168
168
168
168
168
168
167
166
166
167
167
166
166
166
166
165
165
165
165
165
164
165
165
165
166
166
166
167
169
169
169
169
169
169
169
169
170
169
169
169
169
169
169
169
168
168
168
168
165
165
165
165
165
164
164
164
164
164
164
162
161
161
163
161
161
161
Case #5:
128
128
128
130
130
130
129
126
126
126
126
120
120
120
120
120
119
119
118
118
118
118
119
119
120
119
119
119
119
119
119
119
118
118
118
118
118
118
118
118
120
121
120
120
120
119
119
119
119
119
119
117
116
116
117
117
117
118
118
118
118
117
117
117
117
117
118
117
117
118
117
117
117
117
117
119
119
118
118
118
118
117
117
118
118
118
119
118
118
117
116
116
115
115
113
113
113
113
113
113
114
114
114
114
114
113
115
115
115
115
115
115
115
115
115
115
116
116
117
115
115
115
115
116
114
114
113
113
113
113
113
113
114
114
114
114
116
116
116
116
115
115
114
114
115
115
115
115
115
115
115
113
113
113
113
113
112
113
113
114
114
114
114
114
114
114
115
117
117
117
116
116
116
116
116
117
117
117
117
117
117
118
118
118
118
117
117
117
117
117
115
115
115
115
115
115
115
115
116
116
117
117
118
118
117
117
117
117
117
117
117
114
114
114
113
114
114
114
114
114
114
114
114
114
115
116
116
116
116
116
116
116
116
120
120
120
120
120
120
120
120
120
123
123
123
123
122
122
123
124
124
123
123
122
122
122
122
122
121
122
120
120
120
120
121
121
120
121
121
121
122
122
120
120
120
120
117
116
116
117
119
121
118
118
118
118
118
118
119
120
121
121
123
123
122
122
122
122
122
121
121
122
122
123
123
124
123
123
123
123
123
123
123
123
123
122
124
124
124
123
122
122
123
123
124
124
124
123
121
Case #6:
50
50
50
51
51
51
52
52
52
52
53
53
52
53
54
54
54
54
54
54
53
53
53
54
54
54
55
55
55
55
55
55
55
54
54
54
54
54
53
53
52
51
51
52
52
52
52
52
52
52
52
53
53
53
53
53
53
53
53
53
53
51
51
51
50
50
50
50
50
50
50
46
46
46
46
46
46
46
46
47
47
48
47
47
47
48
48
48
48
48
47
47
48
49
50
48
48
52
52
53
53
53
53
53
52
52
52
52
52
52
52
54
54
54
54
54
54
51
51
51
50
51
51
51
51
51
52
52
52
52
52
51
Case #7:
121
121
122
122
122
122
125
126
126
126
126
128
128
128
129
130
130
130
130
130
130
130
131
131
131
131
129
129
130
133
133
134
134
134
134
134
134
135
135
134
134
134
134
133
133
132
132
132
134
133
133
133
133
133
134
136
136
136
136
136
136
136
135
135
135
136
135
135
135
135
134
134
134
134
134
134
134
134
134
134
135
135
134
133
133
133
133
133
134
134
133
133
134
134
134
135
135
135
135
135
135
136
136
135
135
135
132
136
135
135
135
136
136
137
138
138
138
138
138
138
139
139
138
138
138
138
138
138
138
138
137
139
138
138
138
137
136
136
135
135
135
134
134
134
134
136
136
136
136
137
137
137
137
137
137
137
140
140
140
140
140
142
142
142
141
143
143
144
144
143
143
143
144
144
144
144
144
144
144
144
144
143
143
143
143
143
145
144
143
143
143
145
145
146
146
146
146
146
146
146
145
145
146
145
145
146
145
144
144
143
143
144
144
144
144
144
144
145
145
145
145
145
145
145
145
145
145
145
145
145
145
145
145
145
145
145
145
145
142
142
142
142
142
141
142
142
142
142
142
142
141
141
141
141
142
142
142
142
142
142
142
143
143
143
143
143
143
143
143
143
144
144
144
144
144
142
143
142
142
142
144
144
144
144
144
144
144
144
144
144
144
145
145
Case #8:
655
654
654
653
653
653
652
653
654
654
654
654
654
654
654
654
654
654
654
654
654
654
652
652
652
652
652
652
652
653
653
653
653
653
653
653
653
651
651
652
652
652
652
652
651
652
652
652
651
651
651
651
650
650
650
650
652
650
649
649
650
650
649
649
649
649
649
648
648
648
648
648
648
648
648
649
650
650
649
649
649
651
651
651
650
650
650
650
650
650
651
651
651
651
651
651
649
649
648
650
650
651
651
651
651
651
650
649
649
649
649
649
649
649
650
650
650
650
650
650
650
652
652
652
652
652
652
652
652
652
652
652
652
652
652
650
650
648
648
648
648
648
648
648
648
649
649
647
648
648
648
648
646
646
646
646
646
646
647
647
647
647
647
647
647
647
647
647
648
648
648
648
648
649
649
649
649
649
649
649
648
648
648
649
649
649
650
649
649
648
648
648
648
647
647
648
647
646
646
646
646
646
647
646
646
646
645
645
645
645
645
645
646
646
646
646
647
647
647
647
648
648
649
649
649
649
649
649
651
651
651
650
647
647
647
647
647
647
647
647
647
648
648
648
647
647
647
647
647
649
649
650
649
649
648
647
647
647
648
647
647
647
646
646
646
646
647
647
646
647
647
647
647
646
646
646
646
645
645
646
646
647
647
647
647
648
648
652
651
651
651
652
651
653
654
656
656
654
654
654
655
655
655
655
655
655
652
652
650
650
649
649
649
649
649
649
649
649
650
650
650
649
650
650
650
648
649
649
649
649
649
648
648
648
648
647
647
646
647
647
648
648
648
649
649
648
648
650
650
650
650
650
649
649
649
648
649
651
651
651
651
651
651
650
649
649
649
649
650
651
651
650
650
648
649
646
646
648
647
647
644
644
645
645
644
643
643
642
642
642
642
642
643
642
642
640
640
640
639
639
639
639
641
641
641
641
642
642
642
642
642
642
641
639
639
639
639
639
639
639
638
638
638
638
638
638
638
638
637
637
637
636
636
636
635
635
635
635
633
633
633
633
633
633
632
632
632
632
632
632
631
631
631
628
628
629
629
629
631
631
631
631
631
631
631
631
631
631
632
632
633
633
633
633
633
633
633
633
632
632
630
630
630
629
629
629
Case #9:
174
174
174
175
175
177
177
177
177
178
178
178
178
179
179
179
179
178
178
178
178
178
179
179
181
181
181
181
181
181
180
180
181
181
181
185
185
184
184
184
184
187
187
188
189
189
189
189
189
189
189
190
191
190
189
189
189
189
189
189
187
187
188
188
189
191
192
192
191
191
192
191
188
187
186
186
186
188
188
188
188
188
188
188
189
189
189
190
188
188
188
189
189
189
190
189
189
189
189
189
190
190
189
189
189
188
185
185
185
186
186
186
185
185
185
185
185
185
185
185
184
184
184
184
184
184
184
183
183
184
184
183
180
180
182
181
180
180
180
180
180
180
180
179
179
179
179
179
179
178
178
178
179
178
178
178
178
178
178
178
178
178
178
177
177
176
176
177
178
178
178
178
178
178
177
178
176
178
178
177
177
176
176
177
177
176
176
175
175
175
175
175
176
177
179
178
178
177
177
177
176
177
177
177
177
177
177
177
177
177
177
177
177
177
177
177
177
177
177
177
176
176
177
178
179
177
177
176
176
175
175
175
175
175
175
175
176
176
175
175
175
174
174
173
173
173
173
173
173
173
174
173
175
174
175
175
175
175
175
178
180
177
176
175
175
175
176
174
174
174
174
174
174
175
178
178
179
179
179
179
179
178
178
178
178
178
178
178
176
176
176
176
176
176
175
175
176
176
176
176
176
176
176
176
176
176
176
176
176
176
176
176
176
175
174
174
175
175
175
175
175
175
175
175
173
173
171
169
169
169
169
169
169
169
170
170
172
172
172
172
172
172
172
172
172
172
173
173
173
173
174
174
174
174
173
173
174
174
174
174
175
175
176
176
176
176
175
175
175
176
175
175
175
175
175
175
176
175
175
175
175
175
175
174
175
175
175
176
176
176
177
177
177
176
Case #10:
4
2
2
2
